#FID	IID	PC1	PC2	PC3	PC4	PC5	PC6	PC7	PC8	PC9	PC10
Admixed2	Admixed2	0.080018	0.0505043	-0.0417845	-0.00929314	-0.0231825	-0.0629931	0.0062792	0.0139551	0.0639642	-0.0119734
Admixed3	Admixed3	0.0365158	-0.0103606	0.0760007	0.119137	-0.0104301	0.079432	0.0299234	0.00946364	-0.0781906	0.0277523
Admixed7	Admixed7	-0.11266	0.106245	-0.0648797	-0.0515011	0.144973	0.133481	-0.125078	-0.154857	-0.0580127	-0.131134
Admixed9	Admixed9	0.0594092	-0.106539	0.0149061	-0.0582174	-0.136894	-0.000865059	-0.0945727	0.0200815	-0.101305	0.120391
Admixed11	Admixed11	0.0128614	0.0267021	-0.00781324	0.0097986	-0.0267839	-0.0341765	0.0391316	0.00228272	0.0132098	0.0375688
Admixed18	Admixed18	-0.0942903	-0.0588555	-0.0240213	0.0322989	-0.0213068	0.0772448	0.027249	0.0129329	0.00614266	-0.040994
Admixed20	Admixed20	-0.107073	0.0599426	-0.0785287	0.0512603	-0.0335939	0.0543762	-0.039356	0.000606148	-0.0436278	0.0379537
Admixed23	Admixed23	0.0610541	-0.0765969	-0.0852964	0.129591	-0.0313489	0.0131321	0.00827907	-0.0489257	-0.00649676	0.0615317
Admixed27	Admixed27	0.00702736	-0.0259305	-0.0828432	-0.0422482	-0.00782309	0.00231147	0.0599039	-0.0303535	-0.00443576	0.077431
Admixed28	Admixed28	0.120114	0.00523104	-0.0236646	-0.0276401	0.0172646	0.0362623	0.0186333	0.0290364	0.0358936	0.0288748
Admixed31	Admixed31	0.022125	0.024406	-0.0510444	-0.0510509	-0.031148	-0.024129	0.0616501	0.0387971	0.0306223	0.0640576
Admixed33	Admixed33	0.0227622	-0.106578	-0.126849	-0.138802	0.0134229	-0.0559834	0.0417162	-0.00620078	-0.0761029	0.117095
Admixed34	Admixed34	-0.139185	-0.122982	0.0323219	0.273855	0.0825328	0.0526835	0.0220688	-0.0871385	0.0128703	0.226163
Admixed36	Admixed36	0.0380098	-0.012826	0.0171506	0.0594343	0.0144272	-0.0677888	0.0742888	0.0132658	0.0889334	0.0465882
Admixed41	Admixed41	-0.0869353	-0.0243068	0.0346734	0.0637883	0.00661378	-0.00213564	-0.142172	0.0428458	-0.0306134	-0.0216751
Admixed42	Admixed42	-0.128325	-0.0720227	0.114155	-0.0199166	0.0527487	-0.0486259	0.0701143	-0.0413208	-0.0993355	0.0479217
Admixed47	Admixed47	-0.104269	0.0556301	-0.0329947	0.0177671	0.0464191	0.0218986	-0.0216832	0.0455335	0.0211439	-0.0270278
Admixed51	Admixed51	0.0712093	0.0542214	-0.154259	0.0119985	-0.0478393	-0.116184	-0.17682	-0.0217783	0.0193244	-0.0301243
Admixed54	Admixed54	0.00994637	0.0191517	-0.102446	0.0943357	-0.0511594	0.119033	-0.0866952	-0.0899981	-0.0981303	0.0598977
Admixed56	Admixed56	-0.104802	-0.015284	0.0611835	0.0588764	0.0215875	-0.00702387	0.162029	-0.0599981	0.0588051	-0.0943543
Admixed57	Admixed57	-0.130049	-0.00755532	0.0243036	-0.00999918	-0.0948094	0.0109999	0.0666977	-0.030341	-0.0487141	-0.000781976
Admixed65	Admixed65	0.00299882	-0.00209675	0.0373575	0.0795664	0.0673593	0.00447967	0.0309315	0.0649399	-0.00530394	0.027247
Admixed66	Admixed66	0.00105001	-0.0058866	-0.085602	0.193042	-0.026301	-0.0995737	0.0306559	0.011247	0.140312	0.0476333
Admixed67	Admixed67	-0.0727835	0.0680378	0.0854829	-0.0382382	-0.0267442	-0.0122063	-0.0346207	-0.0137842	0.0257186	-0.0675647
Admixed68	Admixed68	-0.0362055	-0.00651122	0.0481853	0.0168975	0.0137185	0.0306542	-0.034307	-0.0187349	-0.0770539	-0.101653
Admixed69	Admixed69	-0.0152132	-0.0598274	0.0873164	-0.0085161	0.0408867	-0.0513204	0.0480846	-0.00141059	0.134404	0.0277783
Admixed74	Admixed74	0.0543919	-0.0253193	-0.0626397	-0.00584046	0.0349173	-0.00153471	0.0745517	0.0683065	0.033248	0.0160164
Admixed75	Admixed75	-0.0594229	0.0111697	-0.0986946	-0.0464701	0.0850267	0.00116803	-0.0845016	0.169235	-0.0444529	0.114786
Admixed76	Admixed76	-0.131917	0.000946321	-0.0535916	-0.0948199	0.0211183	0.0105419	-0.0193044	0.0149521	0.176412	-0.00649983
Admixed78	Admixed78	0.0274661	0.0953073	0.0230555	-0.0310886	0.00146956	0.0170511	0.0600314	-0.0325197	0.00522763	-0.0604531
Admixed80	Admixed80	-0.120871	-0.0301133	0.0111222	0.0518373	0.0101339	0.0567516	0.0251361	-0.0205354	0.116049	0.00733369
Admixed82	Admixed82	-0.124824	0.0597501	0.00263015	0.0312419	-0.0474472	0.0299047	0.0229921	0.00315878	0.0223025	0.00560676
Admixed83	Admixed83	-0.0531621	-0.00517099	-0.0684419	0.00632816	0.00446218	0.0467407	-0.0520312	0.0471824	-0.0129256	-0.00854709
Admixed84	Admixed84	0.0698329	-0.0550441	-0.0385426	-0.0269995	0.040218	0.0129167	-0.0151734	0.068512	0.0136729	0.00468644
Admixed86	Admixed86	0.0364305	-0.129023	-0.100559	-0.00958664	-0.0247578	0.0249644	-0.0294855	0.0524202	-0.014882	-0.00162815
Admixed87	Admixed87	-0.0903513	-0.152703	0.0766827	-0.19315	0.0404408	-0.0795948	0.0685321	-0.0737982	-0.0820202	0.0658696
Admixed88	Admixed88	-0.000534705	-0.0601132	0.0736143	0.024649	-0.00794265	-0.0288063	0.0280922	0.0326108	-0.00223441	0.00792627
Admixed89	Admixed89	-0.0968246	-0.189288	0.0575652	0.0695425	0.0658252	0.121323	0.0241297	-0.0310546	-0.0113622	-0.093714
Admixed92	Admixed92	-0.00619793	0.0710475	-0.0092688	-0.0193851	0.0618628	0.0253175	0.0466761	0.00697299	-0.0477502	-0.0572105
Admixed94	Admixed94	-0.0794725	0.0536363	-0.0509107	-0.0200929	-0.0505391	0.0612522	0.0348345	-0.0177552	-0.0618212	-0.0490342
Admixed95	Admixed95	0.0195396	-0.0114101	0.109139	0.0222123	0.0845931	-0.00161374	-0.0272208	0.153868	0.000154897	-0.105274
Admixed96	Admixed96	-0.100966	0.0504908	0.0436676	-0.0359056	-0.00772183	-0.0544663	-0.0357336	0.0588556	-0.0156628	-0.0211265
Admixed101	Admixed101	0.0332624	0.0146818	-0.000177577	-0.0747367	-0.00174322	-0.0615086	-0.00942303	-0.00935437	-0.0793091	-0.00593745
Admixed103	Admixed103	0.0284893	-0.0191299	-0.00927609	-0.017105	-0.032632	0.0165036	0.0524033	-0.0164887	-0.0330333	0.046559
Admixed105	Admixed105	0.0919869	-0.000824631	-0.0110015	0.0265303	-0.0550158	-0.110969	0.112277	-0.0172685	-0.0853424	-0.136016
Admixed116	Admixed116	0.0378413	0.00332245	0.101184	-0.011843	-0.0409355	0.0685289	0.0622921	0.0185291	0.035487	-0.0763329
Admixed124	Admixed124	-0.00938681	0.116027	0.0950367	0.0236567	0.0541966	-0.0284862	0.0173166	0.0184586	0.0467547	-0.0350437
Admixed128	Admixed128	-0.0223856	-0.0117994	-0.0745519	0.00351989	-0.00182354	-0.0715821	-0.0294377	-0.0491023	0.0118775	-0.0574211
Admixed129	Admixed129	0.110714	0.0796573	0.0845066	0.0611515	0.096837	0.202088	-0.0423029	-0.0180634	0.0357089	0.0101873
Admixed134	Admixed134	-0.143805	-0.0519749	0.191363	-0.0705444	-0.058784	-0.118504	-0.0702229	-0.00747263	0.00617176	0.0418217
Admixed135	Admixed135	0.000375601	-0.0179508	0.0743639	0.0719506	0.063018	-0.0971637	0.0460668	-0.0445136	0.0650939	-0.0118082
Admixed137	Admixed137	-0.0746042	0.145999	-0.104187	0.0566821	0.00432999	-0.0455272	-0.00062226	0.0431843	0.0389765	0.022183
Admixed138	Admixed138	0.0944621	0.00533197	-0.105686	-0.0331559	0.0954067	0.0423744	-0.0280021	-0.147685	-0.115539	-0.0401253
Admixed139	Admixed139	0.0183598	-0.0209647	-0.0190049	0.0595836	0.00594568	0.0422055	0.0350794	0.0151112	-0.070651	0.03185
Admixed145	Admixed145	0.00124628	-0.146541	-0.00957201	-0.103216	-0.078346	0.0939807	-0.00362259	0.0454504	-0.0256375	-0.00375136
Admixed147	Admixed147	0.0130112	0.0281611	0.00329029	0.0119583	-0.0356915	-0.00518506	-0.00280174	-0.0588896	0.00462711	-0.0206697
Admixed148	Admixed148	0.0138267	-0.0116555	0.0322606	-0.0698863	-0.0224181	0.0125939	0.0104504	0.0162288	-0.00449592	-0.0165387
Admixed150	Admixed150	0.130407	-0.0210821	0.00648592	0.0437621	-0.00644876	-0.010062	0.0290526	0.00206201	-0.00609382	0.0520246
Admixed153	Admixed153	-0.0627378	-0.040161	-0.0177365	-0.0276144	0.0165956	0.1053	0.00866713	0.0162769	0.0134738	-0.0713668
Admixed155	Admixed155	0.0443205	0.0470875	-0.0747175	-0.0257465	-0.0136687	0.0763235	-0.02168	0.0467814	0.0159737	0.0754274
Admixed157	Admixed157	0.106131	0.0167305	0.0338109	-0.0626433	0.0268451	-0.0731927	0.027768	-0.0023935	0.0381603	0.0584499
Admixed163	Admixed163	0.0388817	0.146231	0.0590031	-0.0587946	-0.128653	-0.00966091	0.0531332	-0.152242	0.0662105	0.0661758
Admixed168	Admixed168	-0.110927	-0.0421889	-0.10168	0.0340651	-0.04537	0.0114966	0.0548897	0.0725739	0.065582	0.0369868
Admixed169	Admixed169	-0.029783	0.016861	0.168726	0.0213736	0.0276502	0.00686542	-0.0570132	-0.0500293	-0.0296903	0.0301769
Admixed171	Admixed171	-0.0836288	-0.158127	0.0175204	0.0171042	0.025451	0.0114993	0.0738093	-0.0409908	0.0453347	0.00107182
Admixed172	Admixed172	-0.0830828	-0.0153722	-0.0765161	0.0112754	0.0015356	0.0624959	-0.00774908	0.00609674	-0.0627005	0.0213984
Admixed174	Admixed174	-0.0388293	0.0147903	0.189509	-0.0278753	0.0847693	-0.0218711	-0.0617719	0.0138815	-0.0138314	-0.0902035
Admixed176	Admixed176	0.023262	0.0162247	0.0837186	-0.0104573	0.0127998	-0.0772713	0.113543	-0.00950486	-0.00217125	0.05547
Admixed181	Admixed181	-0.0817179	0.0734404	-0.0411362	0.12241	-0.0652611	-0.00811931	0.0413283	0.00268888	0.0326453	0.105209
Admixed187	Admixed187	-0.0229563	0.0254543	-0.0103686	0.0409849	0.00398443	-0.00245576	0.0428109	0.0154959	-0.0392417	0.0430795
Admixed190	Admixed190	-0.137847	0.0391281	-0.0576867	-0.111216	0.018974	0.0275638	0.0145442	0.0574765	-0.0420528	-0.057137
Admixed192	Admixed192	0.0563565	0.0122407	0.0451749	-0.0473114	-0.0778739	0.0117525	0.0562419	-0.0592789	-0.0243967	0.0525497
Admixed195	Admixed195	-0.0145072	0.0811676	0.0996267	-0.0158844	0.0656669	-0.0261745	-0.0269816	-0.107698	0.00652404	0.000893939
Admixed196	Admixed196	0.0499751	-0.0397894	0.00332621	0.0705549	-0.0578518	-0.0179794	-0.0414312	-0.0432206	0.0101771	-0.0088678
Admixed198	Admixed198	-0.119191	0.076671	0.0851361	-0.0728194	-0.110305	-0.0193467	-0.0909973	0.0689988	-0.135441	0.110346
Admixed200	Admixed200	0.0658129	0.0700097	-0.00954983	-0.0196775	0.147112	-0.00534341	0.0493055	0.00217613	-0.00478689	0.0733331
Admixed201	Admixed201	0.0357435	-0.0108199	-0.147681	0.0315542	0.00222694	-0.0332253	0.0455837	0.104073	-0.0407286	0.0615041
Admixed202	Admixed202	0.0618255	0.136148	-0.00884493	-0.00296927	0.119398	-0.0666369	-0.0468838	0.0428067	-0.0561503	0.0847178
Admixed203	Admixed203	0.00491404	0.00550082	0.0469431	0.0221111	0.118032	-0.0789397	-0.0726396	0.0287934	-0.0387811	-0.0414974
Admixed206	Admixed206	-0.114058	-0.0286635	-0.035537	-0.0484907	0.0117919	-0.0257278	0.00341647	0.0668567	0.232373	0.0529101
Admixed208	Admixed208	-0.0888345	0.209381	-0.00527494	-0.0972408	0.00368049	0.0928731	0.14733	0.0672156	-0.0198524	0.0151383
Admixed214	Admixed214	0.016054	-0.0902331	-0.0142099	-0.038732	0.0653777	-0.0369058	0.0555781	0.0562792	-0.031766	0.0107496
Admixed215	Admixed215	0.0742042	-0.0366517	-0.0426497	0.0128061	-0.0677341	-0.0515807	-0.0299651	0.0211866	0.0186856	0.00222683
Admixed216	Admixed216	-0.0403944	0.0483419	0.0690568	0.000485983	0.0361046	-0.147439	-0.251862	0.0447905	-0.00642703	-0.059493
Admixed217	Admixed217	-0.0200548	0.0146545	0.00773187	-0.0162262	0.0389367	-0.0565373	-0.0551969	0.00996414	0.0663997	-0.0587906
Admixed218	Admixed218	0.0513023	-0.000450291	-0.0247972	0.0207063	-0.00862671	-0.0408074	0.0411007	0.0211615	0.0269125	-0.022268
Admixed219	Admixed219	-0.0239488	-0.0979661	0.00691633	0.0033529	-0.00155949	-0.0773042	-0.0368837	0.0831729	0.00654038	-0.0460855
Admixed221	Admixed221	-0.0786062	-0.0114872	0.0753426	0.0226654	-0.00661399	-0.0225365	-0.00621769	-0.0592084	-0.0577552	-0.0478555
Admixed223	Admixed223	0.00126912	0.0192259	0.0045428	-0.0221891	0.0409335	0.0161569	0.00427332	-0.00407438	0.0416961	-0.0370356
Admixed224	Admixed224	0.0270738	-0.112837	0.0406135	0.0576212	0.108648	-0.238583	-0.016435	-0.155417	-0.011981	-0.0754279
Admixed227	Admixed227	0.0785653	0.0513799	0.0235915	-0.00990738	0.0847154	-0.005009	-0.0512058	5.72696e-05	0.00926144	-0.0284316
Admixed228	Admixed228	0.0182877	0.0244171	0.114102	0.0168563	0.0252848	0.0120875	0.118829	-0.075233	-0.0160259	-0.00820004
Admixed233	Admixed233	0.0125319	-0.124498	-0.113045	-0.128991	-0.0551955	0.0582253	-0.00412184	-0.0725401	0.0869622	-0.0997034
Admixed234	Admixed234	0.126429	-0.0494984	0.0208955	0.0639647	-0.14006	0.00159461	0.0636664	0.151078	-0.0897078	-0.121979
Admixed241	Admixed241	0.0793392	-0.0748254	0.0252772	0.0115799	0.00215497	0.00274674	0.00940314	0.0120091	0.0656278	-0.0872319
Admixed242	Admixed242	-0.133153	0.114904	-0.0113236	-0.00149072	-0.0985046	-0.120381	0.153065	-0.062447	-0.0931033	-0.157876
Admixed247	Admixed247	-0.0791387	0.0475137	0.00584384	-0.0223925	-0.0335732	-0.0236379	-0.0495167	-0.0946457	-0.0689029	0.0354942
Admixed250	Admixed250	0.124275	-0.0147264	0.000860475	-0.0438598	0.0271333	0.0363098	-0.0182851	0.0413894	0.097642	0.0247171
Admixed252	Admixed252	-0.000443288	-0.0322728	0.0126755	-0.0234318	0.0373505	-0.0242082	-0.0585613	-0.0239282	0.0536984	-0.0682377
Admixed253	Admixed253	0.0689734	0.102032	0.0764486	0.0120371	0.0591608	0.0151054	0.0452976	-0.104325	-0.00423895	0.0306601
Admixed262	Admixed262	-0.0716982	0.00519785	-0.165019	0.0118864	-0.0313525	0.00222794	0.0329838	0.0869041	-0.0575478	-0.000379187
Admixed268	Admixed268	0.00415035	-0.0402399	0.0482616	0.0364904	0.0439443	0.0370662	0.0493389	-0.010157	-0.0252052	0.0770474
Admixed269	Admixed269	0.00788825	-0.0284499	0.0488638	0.0613327	0.0435083	-0.0352364	0.146709	-0.0517634	0.051544	-0.0590535
Admixed271	Admixed271	0.0244897	0.0260113	0.0462498	0.0654978	-0.00352073	-0.0445961	0.0550414	0.0767365	0.0820756	0.0821615
Admixed275	Admixed275	0.0753471	0.00260388	-0.00760457	0.00514285	-0.0937716	-0.0403363	-0.0987892	0.0150471	0.00919145	-0.0480331
Admixed276	Admixed276	-0.00460973	-0.00636237	0.0320217	-0.0129812	-0.0868639	-0.055276	-0.110195	0.0557818	0.0430909	-0.0635521
Admixed277	Admixed277	0.0202875	0.00282854	0.088529	0.04566	0.0508694	-0.0180935	0.0234957	0.049365	-0.0318871	0.0169251
Admixed280	Admixed280	-0.055942	0.124545	-0.0648124	0.119075	-0.0508576	-0.00202457	0.00128207	-0.00364932	0.0420222	0.101382
Admixed281	Admixed281	0.0555098	0.105469	-0.0178941	-0.0805976	-0.000280069	0.0283484	0.115757	0.0616913	-0.0246168	0.0079278
Admixed282	Admixed282	-0.100024	0.150999	-0.0620983	-0.0423898	-0.00970818	0.140848	0.00989393	0.0523056	0.020738	0.082638
Admixed284	Admixed284	-0.123027	-0.0297679	0.045549	0.084232	-0.00947187	0.0506447	0.00546905	-0.0118392	0.0965629	0.0121856
Admixed289	Admixed289	0.081537	0.0349344	-0.0387454	-0.106761	-0.00300041	-0.0177747	0.138156	-0.0553704	0.00272659	0.0928293
Admixed290	Admixed290	0.116545	0.0457734	-0.0520279	-0.052875	0.000499647	-0.0016826	0.132041	-0.0491658	-0.0371776	0.082541
Admixed292	Admixed292	-0.0340677	0.0763923	0.1126	0.0562899	0.0106764	-0.0880019	-0.157296	-0.0335485	-0.0105899	-0.0542253
Admixed296	Admixed296	0.0788495	0.0278666	0.0913601	-0.0123841	-0.0225324	-0.0541547	0.0180132	-0.00873882	0.0484811	0.031032
Admixed301	Admixed301	-0.0861178	-0.107301	0.152912	-0.0812781	-0.101404	-0.117451	-0.121778	0.0503107	-0.0411124	0.0711249
Admixed302	Admixed302	-0.0688184	-0.0815971	0.144599	-0.0517962	-0.0559194	-0.0949375	-0.135937	0.0227928	-0.0676205	0.0432181
Admixed304	Admixed304	-0.00848139	0.0212766	-0.00679139	-0.049522	0.0467922	-0.0152177	0.0688712	-0.034959	0.00778791	0.0439042
Admixed305	Admixed305	0.0299362	-0.0349334	0.0206341	0.0190467	-0.00994627	0.00932474	-0.021658	-0.0904523	-0.0353553	-0.10651
Admixed309	Admixed309	0.0243261	0.00823226	-0.00942568	-0.0187154	-0.0280029	0.0389192	0.0394439	-0.0320998	-0.0309536	0.0236496
Admixed310	Admixed310	0.109069	-0.0469912	-0.00827544	0.000698692	-0.0645269	0.0254372	0.0160943	-0.0475362	-0.00940182	0.0349518
Admixed312	Admixed312	-0.0737032	-0.00157352	-0.0921966	-0.015742	-0.0118783	0.0425066	0.00450724	-0.0734631	-0.0183515	0.00803776
Admixed313	Admixed313	0.0357282	-0.0950204	0.0130243	0.0402518	0.107238	-0.206482	-0.0224482	-0.137236	0.0111102	-0.0442297
Admixed322	Admixed322	-0.055667	0.0162224	-0.033252	0.0644132	-0.00772445	-0.0118655	0.0171596	-0.0140558	0.0460244	0.00849338
Admixed327	Admixed327	0.0314443	-0.00136688	0.0183227	0.0301305	0.0400066	0.0271216	-0.0627822	0.0168279	0.00694693	0.0122011
Admixed331	Admixed331	0.0956669	-0.0559039	-0.00812503	-0.0332657	0.0514475	0.0292862	-0.0231555	0.0277715	0.133028	-0.0889095
Admixed332	Admixed332	0.0956669	-0.0559039	-0.00812503	-0.0332657	0.0514475	0.0292862	-0.0231555	0.0277715	0.133028	-0.0889095
Admixed334	Admixed334	0.113754	-0.0363877	-0.0481736	0.0128729	0.015773	0.0566245	0.00192963	0.0174458	0.0359892	-0.0062016
Admixed335	Admixed335	-0.00652924	0.102197	-0.0403811	-0.0243361	0.125079	-0.0379317	-0.0847992	0.138923	-0.0674605	0.122724
Admixed336	Admixed336	0.00632875	0.027422	-0.0861966	-0.052142	0.124753	-0.0399697	-0.0688821	0.11952	-0.0692666	0.117982
Admixed337	Admixed337	0.0384815	-0.105294	-0.082757	0.0243063	-0.0868434	-0.0578659	-0.0283929	-0.014982	0.0509119	-0.0183049
Admixed338	Admixed338	0.0596811	0.00323813	0.100221	0.0815516	-0.06866	0.00079127	-0.0292664	-0.065156	-0.00786512	0.0119067
Admixed341	Admixed341	-0.0106397	-0.0757868	0.0222127	-0.0234226	0.0870243	-0.0847734	-0.0440242	0.10766	-0.0256996	-0.0592154
Admixed343	Admixed343	0.083823	0.0843432	0.0636683	-0.0896954	-0.203008	0.0292297	0.0528046	-0.179985	0.152331	0.100794
Admixed344	Admixed344	0.083823	0.0843432	0.0636683	-0.0896954	-0.203008	0.0292297	0.0528046	-0.179985	0.152331	0.100794
Admixed346	Admixed346	0.0642047	0.029977	-0.0613922	-0.00799265	0.142705	-0.024907	0.0520949	0.0827144	-0.0235626	0.0488276
Admixed347	Admixed347	0.0217619	0.0225269	-0.00844316	0.00609863	0.0176313	0.0741209	0.0155324	-0.0113549	-0.0152243	-0.0647173
Admixed351	Admixed351	0.0826759	0.0380638	0.0132874	-0.0768566	-0.0427819	-0.0168115	0.0426139	-0.051273	-0.00309016	-0.0395067
Admixed353	Admixed353	0.0508788	0.113003	0.0349877	0.0424683	0.0382293	-0.0805305	-0.061603	0.0187153	0.00401526	-0.0121901
Admixed354	Admixed354	0.11486	0.0384092	0.0755035	0.0366952	0.059176	-0.123473	-0.0932605	-0.0255638	0.0239444	0.016851
Admixed357	Admixed357	-0.00682941	0.0220504	0.0578898	-0.124994	-0.156959	-0.0427673	-0.0988229	0.0282718	-0.151305	0.131769
Admixed358	Admixed358	0.00365828	-0.0173472	0.107821	-0.077763	-0.130288	0.00807317	-0.117854	0.0736701	-0.132473	0.175655
Admixed361	Admixed361	-0.0750318	-0.153799	-0.0756546	0.263567	0.0415853	0.048052	0.0467716	-0.0605617	0.00805803	0.178995
Admixed362	Admixed362	0.000640959	-0.10094	0.0134993	0.245077	0.0896069	0.00695587	0.0257949	-0.07889	-0.0303777	0.171833
Admixed366	Admixed366	-0.0653465	0.0225844	-0.0387109	-0.0945293	0.00117105	-0.0264602	-0.00415891	0.0589183	-0.0796331	-0.0190737
Admixed368	Admixed368	0.000187102	0.0383169	-0.0113394	0.0317353	-0.0599409	0.0125203	-0.0801997	0.000123582	0.0611482	-0.0124027
Admixed382	Admixed382	-0.0183884	0.0224347	0.0456868	-0.00437342	0.0691105	-0.0248257	0.0428731	-0.000851597	-0.108301	0.0985071
Admixed385	Admixed385	-0.123788	0.00776503	-0.103167	-0.0871843	0.0442985	-0.0254374	-0.0111867	0.0203006	0.298605	0.0560308
Admixed386	Admixed386	-0.127263	0.000867461	-0.111143	-0.0931849	0.0432049	-0.0449714	-0.0145973	0.0417693	0.298678	0.0471002
Admixed387	Admixed387	-0.00896714	-0.00167572	0.0559808	0.0670547	0.0826192	0.0294682	0.0686871	-0.0220659	-0.0511115	0.0259839
Admixed388	Admixed388	0.00324465	0.0287053	0.0616055	0.0566913	0.138612	0.0651159	0.0992426	-0.0111371	-0.0498689	0.0784095
Admixed393	Admixed393	0.0645947	0.0756621	0.04016	0.0044785	0.0287361	-0.0472096	-0.0344357	0.0361799	0.0580115	0.00176324
Admixed397	Admixed397	-0.00922115	-0.11941	0.068219	-0.15163	-0.0484246	0.240621	0.0125313	0.08605	-0.00836011	-0.00102077
Admixed398	Admixed398	-0.00922115	-0.11941	0.068219	-0.15163	-0.0484246	0.240621	0.0125313	0.08605	-0.00836011	-0.00102077
Admixed399	Admixed399	-0.109558	0.0376799	0.0770054	-0.0399585	-0.0149813	-0.0131618	0.0354635	0.0660369	0.0401854	-0.0285136
Admixed405	Admixed405	-0.00955487	0.0965444	-0.0253522	-7.30129e-05	-0.120653	-0.129483	0.151532	-0.0492507	-0.104925	-0.148701
Admixed406	Admixed406	-0.0508565	0.0704189	-0.0363508	0.0349104	-0.0808601	-0.1482	0.139723	-0.0258454	-0.101623	-0.171475
Admixed408	Admixed408	0.087902	0.0287937	-0.0251482	-0.0305963	0.0205911	-0.0350413	0.00349328	-0.126248	0.0481602	-0.0360668
Admixed410	Admixed410	0.119748	-0.0389299	0.0131261	-0.0200343	-0.0304251	-0.0477227	0.031354	0.0254382	0.109149	0.0241284
Admixed411	Admixed411	-0.095557	-0.106643	-0.0047088	-0.00656635	0.0192889	0.00393098	0.031962	0.0387097	0.000209131	-0.0147469
Admixed416	Admixed416	0.0146878	-0.0438459	-0.0839292	0.0340409	0.0212162	-0.0507545	0.025861	-0.0182661	-0.0199818	-0.0788666
Admixed418	Admixed418	-0.0731062	-0.0121077	-0.0455151	0.00318877	-0.0562263	0.0202244	-0.0180049	0.0107172	-0.03903	0.00927557
Admixed421	Admixed421	0.044063	0.0504435	-0.185474	0.0385519	-0.0627785	-0.115219	-0.196306	-0.060667	-0.032623	-0.011163
Admixed422	Admixed422	0.044063	0.0504435	-0.185474	0.0385519	-0.0627785	-0.115219	-0.196306	-0.060667	-0.032623	-0.011163
Admixed424	Admixed424	0.0532932	-0.110162	-0.00809617	-0.0179969	-0.0134524	0.0144311	-0.0414611	0.0569505	0.0197254	-0.0619024
Admixed425	Admixed425	-0.013061	-0.0281688	0.103556	0.0840966	-0.16554	0.129882	-0.149641	-0.0383548	0.0720995	-0.00278993
Admixed426	Admixed426	0.0408419	-0.0105783	0.0963136	0.0548434	-0.164968	0.0965784	-0.180237	-0.0514697	0.0724429	-0.033268
Admixed428	Admixed428	-0.148605	0.144529	-0.0317598	-0.0290734	-0.0592838	-0.000868648	0.0210439	-0.0581328	0.00932742	-0.0662264
Admixed433	Admixed433	0.0253177	-0.0120551	-0.0343968	0.156718	-0.23899	0.0317414	0.112091	0.158651	-0.141669	-0.146931
Admixed434	Admixed434	0.0253177	-0.0120551	-0.0343968	0.156718	-0.23899	0.0317414	0.112091	0.158651	-0.141669	-0.146931
Admixed435	Admixed435	-0.021194	0.0376467	0.0605524	-0.00573174	-0.0292245	0.0601081	-0.0145441	-0.000120869	0.0893081	0.00584271
Admixed436	Admixed436	-0.0222847	-0.00985291	0.116434	-0.00396889	-0.0232846	0.0456225	-0.0385557	0.00888768	0.0468184	0.0383158
Admixed437	Admixed437	-0.0631392	0.0363747	0.0544599	-0.0492769	0.0704577	0.027418	0.0167262	-0.0135682	-0.0239189	-0.0732299
Admixed439	Admixed439	0.110317	0.0888991	0.0806311	0.00360985	0.0785178	0.219906	-0.0802488	0.0233648	-0.0164962	-0.0125047
Admixed440	Admixed440	0.119255	0.0976658	0.087732	0.00761052	0.0869703	0.213189	-0.0696717	0.0275258	-0.0177925	-0.00575054
Admixed444	Admixed444	-0.0334044	-0.0615771	-0.127392	-0.0213312	-0.0516352	0.00300134	0.00152806	0.0771606	0.003872	-0.027689
Admixed445	Admixed445	0.0119003	-0.131214	-0.0798041	-0.213949	0.0442845	-0.0565797	0.0818452	-0.0352035	-0.116303	0.13318
Admixed446	Admixed446	0.0198988	-0.180756	-0.0187865	-0.239774	0.0571701	-0.106745	0.0720914	-0.0843741	-0.132388	0.121686
Admixed447	Admixed447	0.0419268	-0.0358206	0.0336231	0.0520578	0.0316703	-0.0095147	0.0221643	0.00656088	-0.0807471	-0.0606306
Admixed449	Admixed449	-0.019195	0.0499046	-0.118493	-0.0802907	0.180727	0.108356	-0.0839719	-0.173022	-0.113154	-0.13285
Admixed450	Admixed450	0.00198578	0.0485408	-0.107927	-0.057219	0.12922	0.110277	-0.0865303	-0.242016	-0.0841545	-0.0825103
Admixed454	Admixed454	0.0177049	-0.0130927	-0.0273451	0.0661635	-0.035368	-0.0846157	0.0453478	0.00302618	0.0770455	0.0301833
Admixed455	Admixed455	0.115621	0.0570905	-0.0157288	0.00806755	-2.31554e-05	0.0162462	0.0543195	0.0816947	-0.00732502	0.0627475
Admixed457	Admixed457	-0.0884234	-0.0189436	-0.089059	-0.0358541	0.0781702	0.00222171	0.0198926	-0.030811	-0.0446495	-0.122448
Admixed466	Admixed466	-0.119839	0.102421	-0.0718596	0.0322479	0.0051823	0.0401904	0.0208101	0.0121049	-0.0118606	-0.0188324
Admixed467	Admixed467	0.0997121	0.0252151	0.0178098	0.0199906	0.0963391	-0.0382555	0.000549549	0.275132	0.0139098	-0.0819697
Admixed468	Admixed468	0.0997121	0.0252151	0.0178098	0.0199906	0.0963391	-0.0382555	0.000549549	0.275132	0.0139098	-0.0819697
Admixed472	Admixed472	0.0614302	-0.0471882	-0.0503112	-0.025865	0.0404068	0.0577435	0.0108625	0.0366696	0.0476525	-0.0686317
Admixed475	Admixed475	0.0080875	-0.160722	0.00505121	0.0627178	0.0600236	0.0926441	0.0519556	-0.0290102	-0.0330988	-0.0614393
Admixed476	Admixed476	-0.0302003	-0.0972904	0.0212999	0.0430628	0.0773999	0.056264	0.0372093	-0.0471239	-0.0387134	-0.161251
Admixed479	Admixed479	0.0937378	-0.0175411	-0.0943435	0.0948696	-0.02855	0.0835211	-0.0952409	-0.0825158	-0.0808553	0.060552
Admixed480	Admixed480	0.0565475	-0.0128249	-0.0975008	0.0722389	-0.0744098	0.061091	-0.0889405	-0.108194	-0.0822242	0.0625953
Admixed485	Admixed485	0.0208688	0.0681314	0.0652537	0.0249674	0.0143411	0.0656869	-0.0279231	0.0271096	-0.0506693	0.0575576
Admixed486	Admixed486	0.0900557	0.041237	0.00259858	0.00538438	0.029312	0.0220037	-0.00770171	-0.015593	-0.0648721	0.0586747
Admixed487	Admixed487	0.0488001	-0.12597	-0.0456667	-0.0848222	-0.0654168	0.100573	-0.0953357	-0.047021	0.137487	-0.140048
Admixed488	Admixed488	0.0629891	-0.125497	-0.068186	-0.0795696	-0.0602665	0.0136651	-0.039503	-0.0585499	0.0915035	-0.0905388
Admixed490	Admixed490	0.0140123	-0.0238827	0.0156471	0.0286476	0.0178483	-0.0352519	-0.0185286	-0.0631212	0.00731074	-0.0331928
Admixed492	Admixed492	-0.093373	-0.0079189	-0.0142733	0.0591875	-0.0200152	0.0149032	-0.131018	0.0683541	0.00102717	0.036539
Admixed494	Admixed494	0.0503569	0.134	0.0855781	-0.0623836	-0.026234	0.0359695	0.113446	0.0291483	0.0613153	-0.0148306
Admixed499	Admixed499	-0.0263765	0.0983435	-0.105517	0.0156081	-0.0393731	-0.0373264	0.0334198	0.0214961	0.061586	-0.0122563
